0
0
0
1
0
2
0
2
0
3
0
4
0
5
0
6
0
6
0
7
0
9
0
11
0
12
0
13
0
14
0
14
0
16
0
16
0
17
0
18
0
18
0
20
0
22
0
23
0
26
0
28
0
29
0
31
0
34
0
36
0
38
0
41
0
42
0
44
0
48
0
51
0
54
0
56
0
58
0
61
0
63
0
64
0
65
0
66
0
66
0
67
0
68
0
69
0
70
0
70
0
71
0
72
0
73
0
74
0
74
0
75
0
76
0
78
0
79
0
80
0
81
0
82
0
84
0
85
0
86
0
86
0
87
0
88
0
89
0
90
0
90
0
91
0
92
0
94
0
94
0
95
0
96
0
97
0
98
0
98
0
100
0
101
0
102
0
102
0
103
1
103
1
104
1
105
2
108
2
110
2
112
2
114
3
115
4
116
5
118
6
119
6
121
8
123
9
126
10
128
12
131
13
134
14
138
17
142
19
146
22
151
25
156
28
161
30
166
34
170
36
174
38
178
39
182
42
185
45
188
47
193
50
199
54
204
58
209
62
214
66
218
70
223
72
226
75
231
78
234
82
238
87
242
90
245
93
247
95
250
97
251
99
254
101
256
103
258
106
261
110
265
113
266
115
268
118
272
120
274
122
277
126
279
131
281
134
284
138
287
142
289
146
292
148
294
152
297
154
298
152
299
151
300
152
301
153
302
155
305
156
306
157
307
157
308
158
309
159
311
160
314
163
320
167
327
174
336
181
344
190
353
200
360
209
366
216
371
222
375
225
377
228
379
229
379
230
380
230
380
230
381
230
383
231
387
232
390
234
395
235
400
236
404
239
407
240
409
243
411
245
412
246
415
248
416
250
417
253
419
255
421
259
424
262
427
265
432
269
437
274
442
279
448
285
453
292
459
300
466
309
472
320
479
331
487
344
495
356
502
367
510
378
518
391
527
403
537
415
546
427
556
439
565
450
575
460
582
470
591
480
598
490
603
500
609
507
614
516
619
524
625
533
630
542
634
551
639
562
643
573
648
583
652
594
655
604
658
612
663
619
667
625
671
631
675
636
679
641
681
645
685
649
689
653
693
658
695
661
698
664
701
665
704
667
705
667
706
668
708
669
709
671
711
672
714
674
717
678
721
680
724
682
729
685
732
687
735
689
738
690
740
690
742
691
744
692
746
693
748
694
750
694
753
696
755
697
758
698
760
699
762
699
764
700
766
701
767
702
769
702
770
702
771
703
773
705
776
706
778
709
782
712
786
718
790
723
792
730
795
737
798
746
802
753
803
757
805
759
806
760
807
761
808
762
808
762
809
763
810
764
810
766
812
769
812
770
814
771
814
774
816
775
817
777
818
779
818
781
819
783
819
784
821
786
822
789
823
790
824
791
825
793
826
794
826
794
826
795
826
796
826
797
827
797
827
802
830
802
831
803
833
804
833
