0
0
0
0
2
1
4
3
6
6
10
8
14
14
19
17
26
22
31
26
42
35
52
44
58
50
68
60
76
69
88
83
95
93
102
106
107
114
117
137
124
156
129
170
131
182
134
203
134
215
134
222
132
230
130
234
125
238
121
238
114
241
110
241
100
241
90
239
77
236
69
233
50
223
40
218
27
210
17
201
10
190
4
182
2
175
2
173
2
172
5
171
9
171
20
176
34
188
59
210
83
234
123
276
161
315
188
346
210
372
232
398
251
418
259
427
269
434
271
436
272
436
273
436
273
434
273
426
268
411
261
396
253
381
227
350
216
341
203
335
193
334
186
335
179
342
174
353
168
366
162
382
158
398
155
415
155
430
155
452
155
474
155
490
155
503
155
510
155
521
155
526
155
530
154
530
151
534
148
538
143
542
137
546
127
551
124
554
118
557
114
562
111
569
110
575
110
579
112
597
116
606
121
614
132
627
150
646
161
655
176
669
190
677
201
684
214
688
226
690
227
690
234
690
239
682
241
674
241
662
238
646
233
637
214
622
201
614
191
612
172
611
166
611
156
614
150
618
145
626
142
633
139
641
139
646
139
654
141
664
144
669
150
680
154
686
162
695
167
702
172
708
176
712
178
714
181
718
183
720
184
722
185
722
186
722
186
722
187
722
188
722
