0
0
0
0
2
2
3
2
8
6
15
10
22
13
30
17
49
22
62
26
95
35
122
42
151
48
191
55
220
60
254
66
302
73
338
78
370
83
418
90
457
98
486
102
542
114
574
120
619
129
657
138
688
143
725
148
758
152
783
153
814
153
841
153
870
146
902
134
921
121
935
107
942
97
950
81
954
66
954
54
950
38
946
31
938
24
918
14
904
11
878
10
847
10
818
22
790
39
750
73
725
106
690
159
661
215
644
254
626
311
614
362
610
396
610
410
616
432
626
444
634
450
646
454
672
455
684
455
711
450
741
440
776
420
801
402
813
390
819
381
830
358
831
350
831
334
830
325
822
310
813
302
802
297
786
293
774
293
762
295
743
308
733
318
715
343
704
366
696
386
683
420
680
456
680
478
682
487
689
496
702
503
716
508
729
508
750
507
763
502
798
489
807
483
828
467
836
460
841
454
842
449
843
448
843
447
843
446
842
446
839
451
837
459
835
464
834
472
834
481
835
490
838
494
844
498
850
502
856
503
858
503
860
503
862
503
862
502
862
502
862
499
862
498
862
498
