0
0
0
0
0
0
1
0
2
1
2
2
4
3
6
6
7
7
10
10
14
14
16
19
19
26
24
31
30
38
34
47
39
57
46
68
54
82
61
94
70
110
78
126
89
142
101
161
110
179
122
195
131
210
142
226
150
238
160
253
167
266
174
277
179
290
184
300
188
313
194
324
198
335
202
345
206
354
210
362
214
371
218
378
221
382
224
386
226
390
228
392
230
395
232
399
236
404
238
407
242
412
246
418
251
426
258
432
263
439
268
446
274
454
281
462
289
470
295
478
302
487
308
498
314
506
319
514
326
523
331
533
337
542
342
553
345
562
350
571
356
579
360
586
362
594
365
600
367
604
369
607
370
610
370
613
370
615
371
617
371
619
372
623
373
626
374
630
378
634
380
639
383
644
386
649
389
652
392
654
394
655
398
657
398
658
401
659
404
661
406
663
411
666
416
670
423
675
432
681
439
688
448
694
454
702
459
708
463
713
466
718
469
720
469
722
470
724
471
725
472
726
472
727
474
728
474
729
474
730
476
732
478
734
481
737
483
738
486
742
490
744
494
746
497
749
499
751
500
753
502
754
502
755
502
756
502
757
502
759
502
762
501
764
499
766
498
768
495
770
494
772
493
774
492
774
491
776
490
778
490
778
490
778
490
780
489
783
488
785
488
786
488
787
487
791
487
792
487
795
487
798
487
802
487
806
486
812
486
815
485
818
484
820
483
822
482
825
482
826
482
827
482
828
481
829
480
831
479
832
479
833
479
834
479
835
479
836
479
837
#m
479
838
